((2525, 480), 12),
((2539, 475), 10),
((2550, 475), 10),
((2545, 486), 8),
((2558, 488), 12),
((2563, 479), 8),
((2568, 493), 12),
((2575, 499), 8),
((2582, 508), 8),
((2590, 511), 8),
((2600, 511), 5),
((2609, 507), 8),
((2616, 511), 8),
((2625, 516), 8),
((2624, 525), 9),
((2631, 527), 7),
((2643, 535), 8),
((2646, 545), 8),
((2637, 531), 7),
((2537, 483), 11),
((2520, 470), 18),
((2511, 491), 18),
((1481, 229), 20),
((1481, 243), 25),
((1493, 257), 28),
((1455, 237), 10),
((1442, 244), 11),
((1426, 250), 10),
((1412, 242), 11),
((1403, 239), 8),
((1432, 243), 8),
((1392, 246), 9),
((1380, 243), 10),
((1368, 240), 8),
((1357, 239), 8),
((1342, 242), 13),
((1333, 253), 11),
((1346, 258), 13),
((1334, 238), 9),
((1318, 256), 7),
((1307, 256), 6),
((1297, 257), 5),
((1289, 260), 6),
((1301, 254), 6),
((1283, 264), 5),
((1282, 260), 4),
((1276, 263), 7),
((1266, 265), 6)
